        PRP$ PRP NN VBG VB VBN VBD `` '' POS VBP IN WDT JJ CC RB DT NNP WP VBZ NNS RP $ MD CD FW , . TO JJR -LRB- : NNPS WRB PDT JJS RBS RBR -NONE- EX WP$ -RRB- SYM UH 
PRP$       82 23 16 0 0 0 0 0 0 0 0 0 0 0 0 0 0 0 0 0 0 0 0 0 0 0 0 0 0 0 0 0 0 0 0 0 0 0 0 0 0 0 0 0
PRP       0 276 7 0 0 0 0 0 0 0 0 0 0 0 0 0 0 0 0 0 0 0 0 0 0 0 0 0 0 0 0 0 0 0 0 0 0 0 0 0 0 0 0 0
NN       0 0 1535 3 31 1 0 0 0 0 6 0 0 12 0 1 0 4 0 0 2 0 0 1 1 0 0 0 0 0 0 0 0 0 0 0 0 0 0 0 0 0 0 0
VBG       0 0 115 67 0 0 0 0 0 0 0 0 0 0 0 0 0 0 0 0 0 0 0 0 0 0 0 0 0 0 0 0 0 0 0 0 0 0 0 0 0 0 0 0
VB       0 0 130 0 143 2 0 0 0 0 31 0 0 2 0 0 0 0 0 0 0 0 0 0 0 0 0 0 0 0 0 0 0 0 0 0 0 0 0 0 0 0 0 0
VBN       0 0 132 0 1 71 34 0 0 0 0 0 0 0 0 0 0 0 0 0 0 0 0 0 0 0 0 0 0 0 0 0 0 0 0 0 0 0 0 0 0 0 0 0
VBD       0 0 113 0 1 33 279 0 0 0 0 0 0 0 0 0 0 0 0 0 0 0 0 0 0 0 0 0 0 0 0 0 0 0 0 0 0 0 0 0 0 0 0 0
``       0 0 0 0 0 0 0 127 0 0 0 0 0 0 0 0 0 0 0 0 0 0 0 0 0 0 0 0 0 0 0 0 0 0 0 0 0 0 0 0 0 0 0 0
''       0 0 0 0 0 0 0 0 125 1 0 0 0 0 0 0 0 0 0 0 0 0 0 0 0 0 0 0 0 0 0 0 0 0 0 0 0 0 0 0 0 0 0 0
POS       0 0 0 0 0 0 0 0 7 120 0 0 0 0 0 0 0 0 0 0 0 0 0 0 0 0 0 0 0 0 0 0 0 0 0 0 0 0 0 0 0 0 0 0
VBP       0 0 41 0 12 1 0 0 0 0 114 1 0 0 0 0 0 0 0 0 0 0 0 0 0 0 0 0 0 0 0 0 0 0 0 0 0 0 0 0 0 0 0 0
IN       0 0 16 0 0 0 0 0 0 0 0 1207 4 2 2 9 2 0 0 0 0 2 0 0 0 0 0 0 0 0 0 0 0 0 0 0 0 0 0 0 0 0 0 0
WDT       0 0 0 0 0 0 0 0 0 0 0 27 24 0 0 0 0 0 0 0 0 0 0 0 0 0 0 0 0 0 0 0 0 0 0 0 0 0 0 0 0 0 0 0
JJ       0 0 436 1 1 8 0 0 0 0 1 2 0 323 1 13 2 2 0 0 0 0 0 0 0 0 0 0 0 0 0 0 0 0 0 0 0 0 0 0 0 0 0 0
CC       0 0 0 0 0 0 0 0 0 0 0 0 0 0 292 1 0 0 0 0 0 0 0 0 0 0 0 0 0 0 0 0 0 0 0 0 0 0 0 0 0 0 0 0
RB       0 0 73 0 1 0 0 0 0 0 0 15 0 5 1 225 3 0 0 0 0 2 0 0 0 0 0 0 0 4 0 0 0 0 0 0 0 0 0 0 0 0 0 0
DT       0 0 2 0 0 0 0 0 0 0 0 2 0 0 0 0 1032 0 0 0 0 0 0 0 0 0 0 0 0 0 0 0 0 0 0 0 0 0 0 0 0 0 0 0
NNP       0 0 714 0 0 0 0 0 0 0 0 0 0 5 0 0 0 498 0 0 0 0 0 0 0 0 0 0 0 0 0 0 1 0 0 0 0 0 0 0 0 0 0 0
WP       0 0 3 0 0 0 0 0 0 0 0 0 0 0 0 0 0 0 48 0 0 0 0 0 0 0 0 0 0 0 0 0 0 0 0 0 0 0 0 0 0 0 0 0
VBZ       0 0 83 0 0 0 0 0 0 5 0 0 0 0 0 0 0 0 0 222 7 0 0 0 0 0 0 0 0 0 0 0 0 0 0 0 0 0 0 0 0 0 0 0
NNS       0 0 481 0 0 0 0 0 0 0 0 0 0 0 0 0 0 0 0 2 246 0 0 0 0 0 0 0 0 0 0 0 2 0 0 0 0 0 0 0 0 0 0 0
RP       0 0 1 0 0 0 0 0 0 0 0 9 0 0 0 6 0 0 0 0 0 21 0 0 0 0 0 0 0 0 0 0 0 0 0 0 0 0 0 0 0 0 0 0
$       0 0 0 0 0 0 0 0 0 0 0 0 0 0 0 0 0 0 0 0 0 0 31 0 0 0 0 0 0 0 0 0 0 0 0 0 0 0 0 0 0 0 0 0
MD       0 0 4 0 0 0 0 0 0 0 0 0 0 0 0 0 0 0 0 0 0 0 0 84 0 0 0 0 0 0 0 0 0 0 0 0 0 0 0 0 0 0 0 0
CD       0 0 91 0 0 0 0 0 0 0 0 0 0 0 0 0 0 0 0 0 0 0 0 0 161 0 0 0 0 0 0 0 0 0 0 0 0 0 0 0 0 0 0 0
FW       0 0 1 0 0 0 0 0 0 0 0 0 0 0 0 0 0 0 0 0 0 0 0 0 0 0 0 0 0 0 0 0 0 0 0 0 0 0 0 0 0 0 0 0
,       0 0 0 0 0 0 0 0 0 0 0 0 0 0 0 0 0 0 0 0 0 0 0 0 0 0 606 0 0 0 0 0 0 0 0 0 0 0 0 0 0 0 0 0
.       0 0 0 0 0 0 0 0 0 0 0 0 0 0 0 0 0 0 0 0 0 0 0 0 0 0 0 497 0 0 0 0 0 0 0 0 0 0 0 0 0 0 0 0
TO       0 0 5 0 0 0 0 0 0 0 0 0 0 0 0 0 0 0 0 0 0 0 0 0 0 0 0 0 254 0 0 0 0 0 0 0 0 0 0 0 0 0 0 0
JJR       0 0 5 0 0 0 0 0 0 0 0 0 0 0 0 0 0 0 0 0 0 0 0 0 0 0 0 0 0 9 0 0 0 0 0 0 0 8 0 0 0 0 0 0
-LRB-       0 0 0 0 0 0 0 0 0 0 0 0 0 0 0 0 0 0 0 0 0 0 0 0 0 0 0 0 0 0 8 0 0 0 0 0 0 0 0 0 0 0 0 0
:       0 0 0 0 0 0 0 0 0 0 0 0 0 0 0 0 0 0 0 0 0 0 0 0 0 0 0 0 0 0 0 60 0 0 0 0 0 0 0 0 0 0 0 0
NNPS       0 0 32 0 0 0 0 0 0 0 0 0 0 0 0 0 0 4 0 0 0 0 0 0 0 0 0 0 0 0 0 0 1 0 0 0 0 0 0 0 0 0 0 0
WRB       0 0 2 0 0 0 0 0 0 0 0 0 0 0 0 0 0 0 0 0 0 0 0 0 0 0 0 0 0 0 0 0 0 29 0 0 0 0 0 0 0 0 0 0
PDT       0 0 0 0 0 0 0 0 0 0 0 0 0 0 0 0 3 0 0 0 0 0 0 0 0 0 0 0 0 0 0 0 0 0 0 0 0 0 0 0 0 0 0 0
JJS       0 0 9 0 0 0 0 0 0 0 0 0 0 0 0 0 0 0 0 0 0 0 0 0 0 0 0 0 0 0 0 0 0 0 0 15 0 0 0 0 0 0 0 0
RBS       0 0 0 0 0 0 0 0 0 0 0 0 0 0 0 0 0 0 0 0 0 0 0 0 0 0 0 0 0 0 0 0 0 0 0 1 3 0 0 0 0 0 0 0
RBR       0 0 1 0 0 0 0 0 0 0 0 0 0 5 0 0 0 0 0 0 0 0 0 0 0 0 0 0 0 5 0 0 0 0 0 0 0 7 0 0 0 0 0 0
-NONE-       0 0 83 0 0 0 0 0 0 0 0 0 0 0 0 0 0 0 0 0 0 0 0 0 0 0 0 0 0 0 0 0 0 0 0 0 0 0 744 0 0 0 0 0
EX       0 0 0 0 0 0 0 0 0 0 0 0 0 0 0 0 0 0 0 0 0 0 0 0 0 0 0 0 0 0 0 0 0 0 0 0 0 0 0 13 0 0 0 0
WP$       0 0 0 0 0 0 0 0 0 0 0 0 0 0 0 0 0 0 0 0 0 0 0 0 0 0 0 0 0 0 0 0 0 0 0 0 0 0 0 0 2 0 0 0
-RRB-       0 0 0 0 0 0 0 0 0 0 0 0 0 0 0 0 0 0 0 0 0 0 0 0 0 0 0 0 0 0 0 0 0 0 0 0 0 0 0 0 0 8 0 0
SYM       0 0 0 0 0 0 0 0 0 0 0 0 0 0 1 0 0 0 0 0 0 0 0 0 0 0 0 0 0 0 0 0 0 0 0 0 0 0 0 0 0 0 0 0
UH       0 0 1 0 0 0 0 0 0 0 0 0 0 0 0 0 0 0 0 0 0 0 0 0 0 0 0 0 0 0 0 0 0 0 0 0 0 0 0 0 0 0 0 0





Tags      Accuracy
PRP$     0.677685950413
PRP     0.975265017668
NN     0.961177207264
VBG     0.368131868132
VB     0.464285714286
VBN     0.298319327731
VBD     0.654929577465
``     1.0
''     0.992063492063
POS     0.944881889764
VBP     0.674556213018
IN     0.970257234727
WDT     0.470588235294
JJ     0.408860759494
CC     0.996587030717
RB     0.683890577508
DT     0.996138996139
NNP     0.408866995074
WP     0.941176470588
VBZ     0.700315457413
NNS     0.336525307798
RP     0.567567567568
$     1.0
MD     0.954545454545
CD     0.638888888889
FW     0.0
,     1.0
.     1.0
TO     0.980694980695
JJR     0.409090909091
-LRB-     1.0
:     1.0
NNPS     0.027027027027
WRB     0.935483870968
PDT     0.0
JJS     0.625
RBS     0.75
RBR     0.388888888889
-NONE-     0.899637243047
EX     1.0
WP$     1.0
-RRB-     1.0
SYM     0.0
UH     0.0
Overall      0.762982372558





        SNN PRP$ FW '' POS WDT IN WP DT SRB RP $ , . TO -LRB- : SVB SJJ CC `` WRB PDT CD -NONE- EX WP$ MD -RRB- SYM UH 
SNN       3803 0 0 0 0 0 0 0 0 1 0 0 0 0 0 0 0 43 17 0 0 0 0 1 0 0 0 1 0 0 0
PRP$       39 82 0 0 0 0 0 0 0 0 0 0 0 0 0 0 0 0 0 0 0 0 0 0 0 0 0 0 0 0 0
FW       1 0 0 0 0 0 0 0 0 0 0 0 0 0 0 0 0 0 0 0 0 0 0 0 0 0 0 0 0 0 0
''       0 0 0 125 1 0 0 0 0 0 0 0 0 0 0 0 0 0 0 0 0 0 0 0 0 0 0 0 0 0 0
POS       0 0 0 7 120 0 0 0 0 0 0 0 0 0 0 0 0 0 0 0 0 0 0 0 0 0 0 0 0 0 0
WDT       0 0 0 0 0 24 27 0 0 0 0 0 0 0 0 0 0 0 0 0 0 0 0 0 0 0 0 0 0 0 0
IN       16 0 0 0 0 4 1207 0 2 9 2 0 0 0 0 0 0 0 2 2 0 0 0 0 0 0 0 0 0 0 0
WP       3 0 0 0 0 0 0 48 0 0 0 0 0 0 0 0 0 0 0 0 0 0 0 0 0 0 0 0 0 0 0
DT       2 0 0 0 0 0 2 0 1032 0 0 0 0 0 0 0 0 0 0 0 0 0 0 0 0 0 0 0 0 0 0
SRB       74 0 0 0 0 0 15 0 3 235 2 0 0 0 0 0 0 1 20 1 0 0 0 0 0 0 0 0 0 0 0
RP       1 0 0 0 0 0 9 0 0 6 21 0 0 0 0 0 0 0 0 0 0 0 0 0 0 0 0 0 0 0 0
$       0 0 0 0 0 0 0 0 0 0 0 31 0 0 0 0 0 0 0 0 0 0 0 0 0 0 0 0 0 0 0
,       0 0 0 0 0 0 0 0 0 0 0 0 606 0 0 0 0 0 0 0 0 0 0 0 0 0 0 0 0 0 0
.       0 0 0 0 0 0 0 0 0 0 0 0 0 497 0 0 0 0 0 0 0 0 0 0 0 0 0 0 0 0 0
TO       5 0 0 0 0 0 0 0 0 0 0 0 0 0 254 0 0 0 0 0 0 0 0 0 0 0 0 0 0 0 0
-LRB-       0 0 0 0 0 0 0 0 0 0 0 0 0 0 0 8 0 0 0 0 0 0 0 0 0 0 0 0 0 0 0
:       0 0 0 0 0 0 0 0 0 0 0 0 0 0 0 0 60 0 0 0 0 0 0 0 0 0 0 0 0 0 0
SVB       621 0 0 0 5 0 1 0 0 0 0 0 0 0 0 0 0 1011 2 0 0 0 0 0 0 0 0 0 0 0 0
SJJ       452 0 0 0 0 0 2 0 2 21 0 0 0 0 0 0 0 11 347 1 0 0 0 0 0 0 0 0 0 0 0
CC       0 0 0 0 0 0 0 0 0 1 0 0 0 0 0 0 0 0 0 292 0 0 0 0 0 0 0 0 0 0 0
``       0 0 0 0 0 0 0 0 0 0 0 0 0 0 0 0 0 0 0 0 127 0 0 0 0 0 0 0 0 0 0
WRB       2 0 0 0 0 0 0 0 0 0 0 0 0 0 0 0 0 0 0 0 0 29 0 0 0 0 0 0 0 0 0
PDT       0 0 0 0 0 0 0 0 3 0 0 0 0 0 0 0 0 0 0 0 0 0 0 0 0 0 0 0 0 0 0
CD       91 0 0 0 0 0 0 0 0 0 0 0 0 0 0 0 0 0 0 0 0 0 0 161 0 0 0 0 0 0 0
-NONE-       83 0 0 0 0 0 0 0 0 0 0 0 0 0 0 0 0 0 0 0 0 0 0 0 744 0 0 0 0 0 0
EX       0 0 0 0 0 0 0 0 0 0 0 0 0 0 0 0 0 0 0 0 0 0 0 0 0 13 0 0 0 0 0
WP$       0 0 0 0 0 0 0 0 0 0 0 0 0 0 0 0 0 0 0 0 0 0 0 0 0 0 2 0 0 0 0
MD       4 0 0 0 0 0 0 0 0 0 0 0 0 0 0 0 0 0 0 0 0 0 0 0 0 0 0 84 0 0 0
-RRB-       0 0 0 0 0 0 0 0 0 0 0 0 0 0 0 0 0 0 0 0 0 0 0 0 0 0 0 0 8 0 0
SYM       0 0 0 0 0 0 0 0 0 0 0 0 0 0 0 0 0 0 0 1 0 0 0 0 0 0 0 0 0 0 0
UH       1 0 0 0 0 0 0 0 0 0 0 0 0 0 0 0 0 0 0 0 0 0 0 0 0 0 0 0 0 0 0





Tags      Accuracy
SNN     0.983704086912
PRP$     0.677685950413
FW     0.0
''     0.992063492063
POS     0.944881889764
WDT     0.470588235294
IN     0.970257234727
WP     0.941176470588
DT     0.996138996139
SRB     0.669515669516
RP     0.567567567568
$     1.0
,     1.0
.     1.0
TO     0.980694980695
-LRB-     1.0
:     1.0
SVB     0.616463414634
SJJ     0.415071770335
CC     0.996587030717
``     1.0
WRB     0.935483870968
PDT     0.0
CD     0.638888888889
-NONE-     0.899637243047
EX     1.0
WP$     1.0
MD     0.954545454545
-RRB-     1.0
SYM     0.0
UH     0.0
Overall      0.8711291091





        SNN PRP$ FW POS '' WDT IN WP DT SRB RP $ , . TO -LRB- : SVB SJJ CC `` WRB PDT CD -NONE- EX WP$ MD -RRB- SYM UH 
SNN       3794 0 0 0 0 0 0 0 0 1 0 0 0 0 0 0 0 47 18 0 0 0 0 5 0 0 0 1 0 0 0
PRP$       39 82 0 0 0 0 0 0 0 0 0 0 0 0 0 0 0 0 0 0 0 0 0 0 0 0 0 0 0 0 0
FW       1 0 0 0 0 0 0 0 0 0 0 0 0 0 0 0 0 0 0 0 0 0 0 0 0 0 0 0 0 0 0
POS       0 0 0 127 0 0 0 0 0 0 0 0 0 0 0 0 0 0 0 0 0 0 0 0 0 0 0 0 0 0 0
''       0 0 0 1 125 0 0 0 0 0 0 0 0 0 0 0 0 0 0 0 0 0 0 0 0 0 0 0 0 0 0
WDT       0 0 0 0 0 49 2 0 0 0 0 0 0 0 0 0 0 0 0 0 0 0 0 0 0 0 0 0 0 0 0
IN       16 0 0 0 0 41 1172 0 2 8 1 0 0 0 0 0 0 0 2 2 0 0 0 0 0 0 0 0 0 0 0
WP       3 0 0 0 0 0 0 48 0 0 0 0 0 0 0 0 0 0 0 0 0 0 0 0 0 0 0 0 0 0 0
DT       2 0 0 0 0 0 2 0 1032 0 0 0 0 0 0 0 0 0 0 0 0 0 0 0 0 0 0 0 0 0 0
SRB       74 0 0 0 0 0 20 0 3 228 4 0 0 0 0 0 0 1 20 1 0 0 0 0 0 0 0 0 0 0 0
RP       1 0 0 0 0 0 20 0 0 4 12 0 0 0 0 0 0 0 0 0 0 0 0 0 0 0 0 0 0 0 0
$       0 0 0 0 0 0 0 0 0 0 0 31 0 0 0 0 0 0 0 0 0 0 0 0 0 0 0 0 0 0 0
,       0 0 0 0 0 0 0 0 0 0 0 0 606 0 0 0 0 0 0 0 0 0 0 0 0 0 0 0 0 0 0
.       0 0 0 0 0 0 0 0 0 0 0 0 0 497 0 0 0 0 0 0 0 0 0 0 0 0 0 0 0 0 0
TO       5 0 0 0 0 0 0 0 0 0 0 0 0 0 254 0 0 0 0 0 0 0 0 0 0 0 0 0 0 0 0
-LRB-       0 0 0 0 0 0 0 0 0 0 0 0 0 0 0 8 0 0 0 0 0 0 0 0 0 0 0 0 0 0 0
:       0 0 0 0 0 0 0 0 0 0 0 0 0 0 0 0 60 0 0 0 0 0 0 0 0 0 0 0 0 0 0
SVB       621 0 0 12 0 0 1 0 0 0 0 0 0 0 0 0 0 1004 2 0 0 0 0 0 0 0 0 0 0 0 0
SJJ       456 0 0 0 0 0 3 0 2 21 0 0 0 0 0 0 0 12 341 1 0 0 0 0 0 0 0 0 0 0 0
CC       0 0 0 0 0 0 0 0 0 1 0 0 0 0 0 0 0 0 0 292 0 0 0 0 0 0 0 0 0 0 0
``       0 0 0 0 0 0 0 0 0 0 0 0 0 0 0 0 0 0 0 0 127 0 0 0 0 0 0 0 0 0 0
WRB       2 0 0 0 0 0 0 0 0 0 0 0 0 0 0 0 0 0 0 0 0 29 0 0 0 0 0 0 0 0 0
PDT       0 0 0 0 0 0 0 0 3 0 0 0 0 0 0 0 0 0 0 0 0 0 0 0 0 0 0 0 0 0 0
CD       90 0 0 0 0 0 0 0 0 0 0 0 0 0 0 0 0 0 0 0 0 0 0 162 0 0 0 0 0 0 0
-NONE-       83 0 0 0 0 0 0 0 0 0 0 0 0 0 0 0 0 0 0 0 0 0 0 0 744 0 0 0 0 0 0
EX       0 0 0 0 0 0 0 0 0 0 0 0 0 0 0 0 0 0 0 0 0 0 0 0 0 13 0 0 0 0 0
WP$       0 0 0 0 0 0 0 0 0 0 0 0 0 0 0 0 0 0 0 0 0 0 0 0 0 0 2 0 0 0 0
MD       4 0 0 0 0 0 0 0 0 0 0 0 0 0 0 0 0 0 0 0 0 0 0 0 0 0 0 84 0 0 0
-RRB-       0 0 0 0 0 0 0 0 0 0 0 0 0 0 0 0 0 0 0 0 0 0 0 0 0 0 0 0 8 0 0
SYM       0 0 0 0 0 0 0 0 0 0 0 0 0 0 0 0 0 0 0 1 0 0 0 0 0 0 0 0 0 0 0
UH       1 0 0 0 0 0 0 0 0 0 0 0 0 0 0 0 0 0 0 0 0 0 0 0 0 0 0 0 0 0 0





Tags      Accuracy
SNN     0.981376099327
PRP$     0.677685950413
FW     0.0
POS     1.0
''     0.992063492063
WDT     0.960784313725
IN     0.942122186495
WP     0.941176470588
DT     0.996138996139
SRB     0.649572649573
RP     0.324324324324
$     1.0
,     1.0
.     1.0
TO     0.980694980695
-LRB-     1.0
:     1.0
SVB     0.612195121951
SJJ     0.407894736842
CC     0.996587030717
``     1.0
WRB     0.935483870968
PDT     0.0
CD     0.642857142857
-NONE-     0.899637243047
EX     1.0
WP$     1.0
MD     0.954545454545
-RRB-     1.0
SYM     0.0
UH     0.0
Overall      0.867952993489





